{
id = 0
masse = 840187717154709575665522311168.000000
rayon = 2.000000
}

{
id = 1
masse = 798440033476073303526057443328.000000
rayon = 2.000000
}

{
id = 2
masse = 335222755714889015187640156160.000000
rayon = 2.000000
}

